0
[29, 28] = 2
[30, 28] = 2
[31, 28] = 2
[32, 28] = 2
[33, 28] = 2
[34, 28] = 2
[35, 28] = 2
[36, 28] = 2
[37, 28] = 2
[38, 28] = 2
[39, 28] = 2
[40, 28] = 2
[41, 28] = 2
[28, 29] = 2
[30, 29] = 7
[31, 29] = 1
[33, 29] = 7
[34, 29] = 1
[36, 29] = 7
[37, 29] = 1
[38, 29] = 1
[39, 29] = 1
[40, 29] = 1
[41, 29] = 1
[42, 29] = 2
[28, 30] = 2
[29, 30] = 1
[30, 30] = 2
[31, 30] = 2
[32, 30] = 2
[33, 30] = 2
[34, 30] = 2
[35, 30] = 2
[36, 30] = 1
[37, 30] = 2
[38, 30] = 2
[39, 30] = 2
[40, 30] = 2
[41, 30] = 2
[28, 31] = 2
[29, 31] = 7
[30, 31] = 2
[35, 31] = 2
[36, 31] = 1
[37, 31] = 2
[28, 32] = 2
[30, 32] = 2
[35, 32] = 2
[36, 32] = 1
[37, 32] = 2
[28, 33] = 2
[29, 33] = 1
[30, 33] = 2
[35, 33] = 2
[36, 33] = 1
[37, 33] = 2
[28, 34] = 2
[29, 34] = 7
[30, 34] = 2
[35, 34] = 2
[36, 34] = 1
[37, 34] = 2
[28, 35] = 2
[30, 35] = 2
[31, 35] = 2
[32, 35] = 2
[33, 35] = 2
[34, 35] = 2
[35, 35] = 2
[37, 35] = 2
[28, 36] = 2
[29, 36] = 1
[30, 36] = 7
[32, 36] = 1
[33, 36] = 4
[35, 36] = 1
[36, 36] = 4
[37, 36] = 2
[29, 37] = 2
[30, 37] = 2
[31, 37] = 2
[32, 37] = 2
[33, 37] = 2
[34, 37] = 2
[35, 37] = 2
[36, 37] = 2
