0
[40, 50] = 32200000
[34, 68] = 32200001
[34, 99] = 32200001
[35, 68] = 32200001
[35, 99] = 32200001
[36, 68] = 32200001
[36, 99] = 32200001
[37, 68] = 32200001
[37, 99] = 32200001
[38, 68] = 32200001
[38, 99] = 32200001
[39, 68] = 32200001
[39, 99] = 32200001
[40, 68] = 32200001
[40, 99] = 32200001
[41, 68] = 32200001
[41, 99] = 32200001
[42, 68] = 32200001
[42, 99] = 32200001
[43, 68] = 32200001
[43, 99] = 32200001
[44, 68] = 32200001
[44, 99] = 32200001
[45, 68] = 32200001
[45, 99] = 32200001
[46, 68] = 32200001
[46, 99] = 32200001
[47, 68] = 32200001
[47, 99] = 32200001
[48, 68] = 32200001
[48, 99] = 32200001
[49, 99] = 32200001
[50, 99] = 32200001
[51, 99] = 32200001
[52, 99] = 32200001
[53, 99] = 32200001
[54, 99] = 32200001
[55, 99] = 32200001
[56, 99] = 32200001
[57, 99] = 32200001
[58, 99] = 32200001
[59, 68] = 32200001
[59, 99] = 32200001
[60, 68] = 32200001
[60, 99] = 32200001
[61, 68] = 32200001
[61, 99] = 32200001
[62, 68] = 32200001
[62, 99] = 32200001
[63, 68] = 32200001
[63, 99] = 32200001
[64, 68] = 32200001
[64, 99] = 32200001
[65, 68] = 32200001
[65, 99] = 32200001
[66, 68] = 32200001
[66, 99] = 32200001
[67, 68] = 32200001
[67, 99] = 32200001
[68, 68] = 32200001
[68, 99] = 32200001
[69, 68] = 32200001
[69, 99] = 32200001
[70, 68] = 32200001
[70, 99] = 32200001
[71, 99] = 32200001
[72, 99] = 32200001
[73, 99] = 32200001
[74, 99] = 32200001
[75, 99] = 32200001
[76, 99] = 32200001
[77, 99] = 32200001
[78, 99] = 32200001
[79, 99] = 32200001
[80, 99] = 32200001
[81, 68] = 32200001
[81, 99] = 32200001
[82, 68] = 32200001
[82, 99] = 32200001
[83, 68] = 32200001
[83, 99] = 32200001
[84, 68] = 32200001
[84, 99] = 32200001
[85, 68] = 32200001
[85, 99] = 32200001
[86, 68] = 32200001
[86, 99] = 32200001
[87, 68] = 32200001
[87, 99] = 32200001
[88, 68] = 32200001
[88, 99] = 32200001
[89, 68] = 32200001
[89, 99] = 32200001
[90, 68] = 32200001
[90, 99] = 32200001
[91, 68] = 32200001
[91, 99] = 32200001
[92, 68] = 32200001
[92, 99] = 32200001
[93, 68] = 32200001
[93, 99] = 32200001
[94, 68] = 32200001
[94, 99] = 32200001
[34, 68] = 32200001
[94, 68] = 32200001
[34, 69] = 32200001
[94, 69] = 32200001
[34, 70] = 32200001
[94, 70] = 32200001
[34, 71] = 32200001
[94, 71] = 32200001
[34, 72] = 32200001
[94, 72] = 32200001
[34, 73] = 32200001
[94, 73] = 32200001
[34, 74] = 32200001
[94, 74] = 32200001
[34, 75] = 32200001
[94, 75] = 32200001
[34, 76] = 32200001
[94, 76] = 32200001
[34, 77] = 32200001
[94, 77] = 32200001
[34, 78] = 32200001
[94, 78] = 32200001
[34, 79] = 32200001
[94, 79] = 32200001
[34, 80] = 32200001
[94, 80] = 32200001
[34, 81] = 32200001
[94, 81] = 32200001
[34, 82] = 32200001
[94, 82] = 32200001
[34, 90] = 32200001
[94, 90] = 32200001
[34, 91] = 32200001
[94, 91] = 32200001
[34, 92] = 32200001
[94, 92] = 32200001
[34, 93] = 32200001
[94, 93] = 32200001
[34, 94] = 32200001
[94, 94] = 32200001
[34, 95] = 32200001
[94, 95] = 32200001
[34, 96] = 32200001
[94, 96] = 32200001
[34, 97] = 32200001
[94, 97] = 32200001
[34, 98] = 32200001
[94, 98] = 32200001
[44, 81] = 32200001
[44, 92] = 32200001
[45, 81] = 32200001
[45, 92] = 32200001
[46, 81] = 32200001
[46, 92] = 32200001
[47, 81] = 32200001
[47, 92] = 32200001
[48, 81] = 32200001
[48, 92] = 32200001
[49, 81] = 32200001
[49, 92] = 32200001
[50, 81] = 32200001
[50, 92] = 32200001
[51, 81] = 32200001
[52, 81] = 32200001
[53, 81] = 32200001
[54, 81] = 32200001
[54, 92] = 32200001
[55, 81] = 32200001
[56, 81] = 32200001
[57, 81] = 32200001
[58, 81] = 32200001
[58, 92] = 32200001
[59, 81] = 32200001
[59, 92] = 32200001
[60, 81] = 32200001
[60, 92] = 32200001
[61, 81] = 32200001
[61, 92] = 32200001
[62, 81] = 32200001
[62, 92] = 32200001
[63, 81] = 32200001
[63, 92] = 32200001
[64, 81] = 32200001
[64, 92] = 32200001
[65, 81] = 32200001
[65, 92] = 32200001
[66, 81] = 32200001
[66, 92] = 32200001
[67, 81] = 32200001
[67, 92] = 32200001
[68, 81] = 32200001
[68, 92] = 32200001
[69, 81] = 32200001
[69, 92] = 32200001
[70, 81] = 32200001
[70, 92] = 32200001
[71, 81] = 32200001
[72, 81] = 32200001
[73, 81] = 32200001
[74, 81] = 32200001
[74, 92] = 32200001
[75, 81] = 32200001
[76, 81] = 32200001
[77, 81] = 32200001
[78, 81] = 32200001
[78, 92] = 32200001
[79, 81] = 32200001
[79, 92] = 32200001
[80, 81] = 32200001
[80, 92] = 32200001
[81, 81] = 32200001
[81, 92] = 32200001
[82, 81] = 32200001
[82, 92] = 32200001
[83, 81] = 32200001
[83, 92] = 32200001
[84, 81] = 32200001
[84, 92] = 32200001
[44, 81] = 32200001
[84, 81] = 32200001
[44, 82] = 32200001
[84, 82] = 32200001
[44, 83] = 32200001
[84, 83] = 32200001
[44, 84] = 32200001
[84, 84] = 32200001
[44, 85] = 32200001
[84, 85] = 32200001
[44, 86] = 32200001
[84, 86] = 32200001
[44, 87] = 32200001
[84, 87] = 32200001
[44, 88] = 32200001
[84, 88] = 32200001
[44, 89] = 32200001
[84, 89] = 32200001
[44, 90] = 32200001
[84, 90] = 32200001
[44, 91] = 32200001
[84, 91] = 32200001
[54, 81] = 32200001
[64, 81] = 32200001
[74, 81] = 32200001
[54, 82] = 32200001
[64, 82] = 32200001
[74, 82] = 32200001
[54, 83] = 32200001
[64, 83] = 32200001
[74, 83] = 32200001
[54, 84] = 32200001
[64, 84] = 32200001
[74, 84] = 32200001
[54, 85] = 32200001
[64, 85] = 32200001
[74, 85] = 32200001
[54, 86] = 32200001
[64, 86] = 32200001
[74, 86] = 32200001
[54, 87] = 32200001
[64, 87] = 32200001
[74, 87] = 32200001
[54, 88] = 32200001
[64, 88] = 32200001
[74, 88] = 32200001
[54, 89] = 32200001
[64, 89] = 32200001
[74, 89] = 32200001
[54, 90] = 32200001
[64, 90] = 32200001
[74, 90] = 32200001
[54, 91] = 32200001
[64, 91] = 32200001
[74, 91] = 32200001
