0	    0     0     0
1	65535  1542     0
2	65535  3084     0
3	65535  4626     0
4	65535  6168     0
5	65535  7710     0
6	65535  9252     0
7	65535 10794     0
8	65535 12336     0
9	65535 13878     0
10	65535 15420     0
11	65535 16962     0
12	65535 18504     0
13	65535 20046     0
14	65535 21588     0
15	65535 23130     0
16	65535 24672     0
17	65535 26214     0
18	65535 27756     0
19	65535 29298     0
20	65535 30840     0
21	65535 32382     0
22	65535 33924     0
23	65535 35466     0
24	65535 37008     0
25	65535 38550     0
26	65535 40092     0
27	65535 41634     0
28	65535 43176     0
29	65535 44718     0
30	65535 46260     0
31	65535 47802     0
32	65535 49344     0
33	65535 50886     0
34	65535 52428     0
35	65535 53970     0
36	65535 55512     0
37	65535 57054     0
38	65535 58596     0
39	65535 60138     0
40	65535 61680     0
41	65535 63222     0
42	65535 64764     0
43	65535 65535     0
44	65535 65535     0
45	65535 65535     0
46	65535 65535     0
47	65535 65535     0
48	65535 65535     0
49	65535 65535     0
50	65535 65535     0
51	65535 65535     0
52	65535 65535     0
53	65535 65535     0
54	65535 65535     0
55	65535 65535     0
56	65535 65535     0
57	65535 65535     0
58	65535 65535     0
59	65535 65535     0
60	65535 65535     0
61	63993 65535     0
62	62451 65535     0
63	60909 65535     0
64	59367 65535     0
65	57825 65535     0
66	56283 65535     0
67	54741 65535     0
68	53199 65535     0
69	51657 65535     0
70	50115 65535     0
71	48573 65535     0
72	47031 65535     0
73	45489 65535     0
74	43947 65535     0
75	42405 65535     0
76	40863 65535     0
77	39321 65535     0
78	37779 65535     0
79	36237 65535     0
80	34695 65535     0
81	33153 65535     0
82	31611 65535     0
83	30069 65535     0
84	28527 65535     0
85	26985 65535     0
86	25443 65535     0
87	23901 65535     0
88	22359 65535     0
89	20817 65535     0
90	19275 65535     0
91	17733 65535     0
92	16191 65535     0
93	14649 65535     0
94	13107 65535     0
95	11565 65535     0
96	10023 65535     0
97	 8481 65535     0
98	 6939 65535     0
99	 5397 65535     0
100	 3855 65535     0
101	 2313 65535     0
102	  771 65535     0
103	    0 65535     0
104	    0 65535     0
105	    0 65535     0
106	    0 65535  1542
107	    0 65535  3084
108	    0 65535  4626
109	    0 65535  6168
110	    0 65535  7710
111	    0 65535  9252
112	    0 65535 10794
113	    0 65535 12336
114	    0 65535 13878
115	    0 65535 15420
116	    0 65535 16962
117	    0 65535 18504
118	    0 65535 20046
119	    0 65535 21588
120	    0 65535 23130
121	    0 65535 24672
122	    0 65535 26214
123	    0 65535 27756
124	    0 65535 29298
125	    0 65535 30840
126	    0 65535 32382
127	    0 65535 33924
128	    0 65535 35466
129	    0 65535 37008
130	    0 65535 38550
131	    0 65535 40092
132	    0 65535 41634
133	    0 65535 43176
134	    0 65535 44718
135	    0 65535 46260
136	    0 65535 47802
137	    0 65535 49344
138	    0 65535 50886
139	    0 65535 52428
140	    0 65535 53970
141	    0 65535 55512
142	    0 65535 57054
143	    0 65535 58596
144	    0 65535 60138
145	    0 65535 61680
146	    0 65535 63222
147	    0 65535 64764
148	    0 65535 65535
149	    0 65535 65535
150	    0 65535 65535
151	    0 65535 65535
152	    0 65535 65535
153	    0 65535 65535
154	    0 65535 65535
155	    0 65535 65535
156	    0 65535 65535
157	    0 65535 65535
158	    0 65535 65535
159	    0 65535 65535
160	    0 65535 65535
161	    0 65535 65535
162	    0 65535 65535
163	    0 65535 65535
164	    0 65535 65535
165	    0 65535 65535
166	    0 63993 65535
167	    0 62451 65535
168	    0 60909 65535
169	    0 59367 65535
170	    0 57825 65535
171	    0 56283 65535
172	    0 54741 65535
173	    0 53199 65535
174	    0 51657 65535
175	    0 50115 65535
176	    0 48573 65535
177	    0 47031 65535
178	    0 45489 65535
179	    0 43947 65535
180	    0 42405 65535
181	    0 40863 65535
182	    0 39321 65535
183	    0 37779 65535
184	    0 36237 65535
185	    0 34695 65535
186	    0 33153 65535
187	    0 31611 65535
188	    0 30069 65535
189	    0 28527 65535
190	    0 26985 65535
191	    0 25443 65535
192	    0 23901 65535
193	    0 22359 65535
194	    0 20817 65535
195	    0 19275 65535
196	    0 17733 65535
197	    0 16191 65535
198	    0 14649 65535
199	    0 13107 65535
200	    0 11565 65535
201	    0 10023 65535
202	    0  8481 65535
203	    0  6939 65535
204	    0  5397 65535
205	    0  3855 65535
206	    0  2313 65535
207	    0   771 65535
208	    0     0 65535
209	    0     0 65535
210	    0     0 65535
211	 1542     0 65535
212	 3084     0 65535
213	 4626     0 65535
214	 6168     0 65535
215	 7710     0 65535
216	 9252     0 65535
217	10794     0 65535
218	12336     0 65535
219	13878     0 65535
220	15420     0 65535
221	16962     0 65535
222	18504     0 65535
223	20046     0 65535
224	21588     0 65535
225	23130     0 65535
226	24672     0 65535
227	26214     0 65535
228	27756     0 65535
229	29298     0 65535
230	30840     0 65535
231	32382     0 65535
232	33924     0 65535
233	35466     0 65535
234	37008     0 65535
235	38550     0 65535
236	40092     0 65535
237	41634     0 65535
238	43176     0 65535
239	44718     0 65535
240	46260     0 65535
241	47802     0 65535
242	49344     0 65535
243	50886     0 65535
244	52428     0 65535
245	53970     0 65535
246	55512     0 65535
247	57054     0 65535
248	58596     0 65535
249	60138     0 65535
250	61680     0 65535
251	63222     0 65535
252	64764     0 65535
253	65535     0 65535
254	65535     0 65535
255	65535 65535 65535
