0
[27, 16] = 1
[27, 17] = 1
[20, 17] = 1
[20, 21] = 1
[21, 18] = 1
[21, 19] = 1
[21, 20] = 1
[22, 18] = 1
[22, 19] = 1
[22, 20] = 1
[28, 23] = 1
[29, 24] = 1
[29, 25] = 1
[30, 23] = 1
[30, 24] = 1
[28, 18] = 1
[28, 19] = 1
[29, 18] = 1
[29, 19] = 1
[30, 18] = 1
[30, 19] = 1
[31, 19] = 1
[31, 20] = 1
[27, 18] = 1
[19, 22] = 1
[18, 17] = 1
[19, 16] = 1
[17, 18] = 1
[17, 19] = 1
[17, 20] = 1
[18, 21] = 1
[6, 19] = 1
[6, 20] = 1
[7, 19] = 1
[7, 20] = 1
[28, 15] = 1
[28, 16] = 1
[29, 15] = 1
[29, 16] = 1
[30, 15] = 1
[30, 16] = 1
[30, 17] = 1
[31, 14] = 1
[31, 15] = 1
[40, 18] = 1
[41, 18] = 1
[40, 17] = 1
[41, 17] = 1
[59, 54] = 1
[56, 51] = 1
[56, 52] = 1
[57, 51] = 1
[57, 53] = 1
[58, 53] = 1
[59, 53] = 1
